1 3043 3044 0.321299
2 3044 3045 0.702535
3 3009 3012 0.334005
4 3063 3064 0.0818422
5 3000 3001 0.35205
6 3013 3014 0.465387
7 3024 3025 0.767096
8 3021 3022 1.66457
9 3030 3031 0.238209
10 3056 3059 2.36767
11 3069 3070 1.07242
12 3007 3008 1.80015
13 3037 3038 0.527222
14 3024 3027 1.33859
15 3053 3056 3.39448
16 3034 3035 0.061029
17 3036 3039 0.26668
18 3001 3002 1.638
19 3042 3043 1.39345
20 3053 3071 1.54099
21 3031 3032 1.94119
22 3056 3073 0.861276
23 3056 3074 1.07787
24 3068 3063 3.23239
25 3047 3048 3.78788
26 3073 3057 0.05279
27 3012 3068 4.96731
28 3063 3064 0.0321907
29 3033 3036 2.18472
30 3006 3007 1.48794
31 3046 3049 3.42209
32 3016 3019 1.50849
33 3024 3027 0.471106
34 3043 3044 0.612451
35 3064 3065 1.95182
36 3053 3072 1.25383
37 3022 3023 1.89955
38 3056 3059 2.18512
39 3063 3060 6.82523
40 3027 3030 5.81506
41 3069 3070 1.39222
42 3046 3047 1.5862
43 3012 3068 2.08822
44 3027 3028 1.19117
45 3000 3001 0.531797
46 3043 3044 1.37598
47 3068 3069 0.791463
48 3039 3042 1.53281
49 3039 3040 0.930956
50 3034 3035 3.72875
51 3006 3007 0.267547
52 3022 3023 0.319701
53 3000 3001 2.48275
54 3030 3031 1.16505
55 3021 3022 0.287851
56 3004 3005 0.71499
57 3053 3072 0.693701
58 3031 3032 0.599882
59 3036 3039 0.140706
60 3033 3036 3.53518
61 3049 3052 1.30531
62 3042 3043 0.237805
63 3025 3026 0.42625
64 3056 3074 0.870911
65 3056 3059 1.19254
66 3049 3050 0.133812
67 3016 3019 0.00774373
68 3046 3047 0.38994
69 3069 3070 0.219478
70 3064 3065 1.00045
71 3021 3022 0.773811
72 3039 3040 1.65017
73 3073 3057 3.42692
74 3068 3069 1.15729
75 3037 3038 0.36178
76 3006 3009 0.503033
77 3056 3059 1.73005
78 3001 3006 2.46805
79 3042 3043 4.18664
80 3006 3009 1.08799
81 3071 3054 2.26597
82 3040 3041 3.88287
83 3033 3036 3.92291
84 3066 3067 1.02347
85 3073 3057 0.245204
86 3053 3056 0.00395612
87 3053 3072 0.878966
88 3014 3015 1.27881
89 3049 3050 0.30158
90 3036 3037 0.396385
91 3042 3046 1.69208
92 3063 3066 1.65416
93 3002 3003 2.29273
94 3061 3062 2.0119
95 3049 3050 1.2712
96 3025 3026 3.33121
97 3033 3036 4.29004
98 3033 3036 4.87103
99 3064 3065 1.85734
100 3047 3048 0.534265
101 3050 3051 0.314829
102 3030 3033 0.349349
103 3001 3006 0.382981
104 3072 3055 3.88658
105 3001 3004 1.43479
106 3024 3025 1.01086
107 3068 3063 4.91378
108 3056 3059 0.474324
109 3068 3063 1.46123
110 3034 3035 3.17758
111 3021 3024 0.64814
112 3068 3069 0.34104
113 3030 3033 0.194575
114 3014 3015 0.992707
115 3056 3074 0.406799
116 3030 3033 0.822339
117 3073 3057 2.31271
118 3049 3052 2.30644
119 3016 3021 0.703696
120 3036 3037 1.55969
121 3036 3037 1.64328
122 3049 3052 0.472637
123 3053 3056 0.406714
124 3010 3011 2.71031
125 3033 3034 0.588788
126 3049 3050 0.291267
127 3060 3061 0.129699
128 3001 3002 0.762655
129 3006 3007 0.665068
130 3056 3074 0.636722
131 3006 3009 0.403602
132 3030 3033 0.802299
133 3004 3005 2.44955
134 3066 3067 0.878624
135 3037 3038 1.70173
136 3001 3006 3.50181
137 3043 3044 1.31599
138 3001 3002 0.303795
139 3053 3072 0.768924
140 3039 3040 0.17938
141 3033 3036 3.09796
142 3043 3044 0.57057
143 3002 3003 2.20591
144 3001 3006 3.52746
145 3039 3042 1.5168
146 3071 3054 2.84972
147 3053 3071 1.0518
148 3033 3036 2.29409
149 3017 3018 1.57343
150 3052 3053 0.574244
151 3069 3070 2.52996
152 3013 3014 1.29896
153 3016 3021 0.857425
154 3028 3029 2.63549
155 3028 3029 3.90427
156 3001 3004 0.769606
157 3017 3018 0.00844437
158 3047 3048 0.154175
159 3073 3057 2.4335
160 3009 3012 0.5876
161 3061 3062 0.548625
162 3053 3072 1.32694
163 3009 3012 0.829788
164 3009 3012 0.147063
165 3009 3012 0.761796
166 3042 3043 2.90248
167 3028 3029 2.20577
168 3000 3001 1.89187
169 3000 3001 0.797672
170 3000 3001 1.08319
171 3030 3031 0.00063651
172 3050 3051 2.69442
173 3006 3007 1.04696
174 3049 3050 1.11204
175 3009 3012 0.517393
176 3021 3022 0.485992
177 3022 3023 3.00581
178 3039 3040 1.11809
179 3024 3027 1.58128
180 3016 3021 0.52048
181 3016 3021 0.972918
182 3009 3012 0.0145728
183 3025 3026 0.105361
184 3068 3063 3.98377
185 3072 3055 4.02269
186 3012 3013 2.52687
187 3040 3041 2.85176
188 3056 3059 2.42185
189 3021 3022 1.35949
190 3027 3030 3.23207
191 3046 3049 5.64844
192 3037 3038 0.592222
193 3047 3048 3.51735
194 3063 3060 3.17934
195 3034 3035 3.06278
196 3072 3055 0.802922
197 3027 3030 1.04776
198 3012 3013 3.55727
199 3047 3048 3.73082
200 3013 3016 2.03862
201 3030 3033 0.00821881
202 3073 3057 3.27778
203 3046 3049 0.622276
204 3002 3003 3.28961
205 3063 3060 3.03758
206 3009 3010 0.531564
207 3039 3042 0.589615
208 3060 3052 4.74687
209 3006 3009 1.10892
210 3047 3048 0.390072
211 3056 3074 1.24661
212 3027 3028 0.178674
213 3027 3030 3.31005
214 3039 3042 0.19147
215 3014 3015 3.29388
216 3024 3027 1.28496
217 3053 3071 0.885814
218 3001 3006 2.5772
219 3033 3034 1.15804
220 3053 3072 0.900892
221 3050 3051 0.295372
222 3013 3016 1.19112
223 3006 3009 0.988252
224 3013 3014 0.518752
225 3016 3019 0.81909
226 3063 3060 9.1438
227 3012 3013 3.45593
228 3001 3004 0.17424
229 3033 3036 5.26964
230 3002 3003 1.79866
231 3006 3009 1.82242
232 3001 3006 3.25664
233 3012 3068 3.45876
234 3049 3050 1.46437
235 3024 3027 0.807117
236 3024 3027 2.48512
237 3004 3005 0.79543
238 3024 3025 0.784909
239 3006 3009 2.1847
240 3030 3033 0.377332
241 3007 3008 0.556883
242 3001 3002 0.941252
243 3017 3018 1.71671
244 3039 3042 0.016846
245 3027 3028 1.40236
246 3009 3012 0.20826
247 3068 3069 0.429807
248 3044 3045 3.29517
249 3068 3063 4.84452
250 3021 3022 0.493685
251 3043 3044 0.0476945
252 3053 3072 1.49061
253 3046 3049 1.79443
254 3040 3041 3.7549
255 3014 3015 0.358363
256 3040 3041 2.11179
257 3052 3053 1.91069
258 3021 3022 0.188043
259 3025 3026 3.00366
260 3007 3008 2.19224
261 3014 3015 2.21438
262 3072 3055 0.302836
263 3013 3014 1.64509
264 3042 3046 4.25918
265 3039 3040 0.821639
266 3016 3017 0.384679
267 3000 3001 2.25824
268 3013 3014 1.31474
269 3066 3067 1.12622
270 3009 3012 0.205115
271 3034 3035 4.18331
272 3027 3028 1.38762
273 3000 3001 2.27956
274 3060 3061 1.67927
275 3019 3020 0.25764
276 3064 3065 0.0600678
277 3072 3055 2.22008
278 3060 3061 1.0178
279 3049 3052 2.40982
280 3013 3016 0.117793
281 3064 3065 1.23621
282 3068 3063 7.98759
283 3021 3024 1.21417
284 3012 3013 2.16113
285 3068 3069 0.628963
286 3016 3017 0.587889
287 3030 3033 0.342778
288 3066 3067 0.224117
289 3052 3053 0.226746
290 3013 3016 2.92214
291 3006 3007 1.20408
292 3013 3014 1.40558
293 3012 3068 4.1472
294 3042 3043 3.6757
295 3017 3018 2.9218
296 3066 3067 0.475693
297 3056 3074 0.00414482
298 3016 3019 1.29114
299 3021 3022 1.42691
300 3013 3014 0.269127
301 3012 3013 4.32639
302 3052 3053 1.43724
303 3033 3034 1.13252
304 3068 3063 3.7708
305 3073 3057 3.09064
306 3060 3052 4.52538
307 3056 3059 2.15711
308 3064 3065 1.47218
309 3060 3061 0.237415
310 3037 3038 1.06413
311 3071 3054 0.57506
312 3042 3043 2.13045
313 3024 3027 4.96479
314 3046 3047 0.845399
315 3000 3001 1.04179
316 3033 3034 1.32397
317 3056 3074 0.271543
318 3037 3038 1.17395
319 3031 3032 2.53455
320 3046 3047 0.98775
321 3001 3002 0.0598095
322 3061 3062 0.399431
323 3024 3025 0.310251
324 3027 3030 3.67345
325 3033 3036 1.24742
326 3053 3056 1.63794
327 3050 3051 2.38583
328 3052 3053 1.2309
329 3042 3043 4.67228
330 3068 3069 1.46363
331 3053 3071 1.08052
332 3034 3035 2.06298
333 3063 3064 1.16881
334 3024 3025 1.05613
335 3000 3001 2.45585
336 3068 3069 1.18539
337 3071 3054 2.85023
338 3013 3014 1.30231
339 3001 3004 1.15041
340 3039 3042 0.506617
341 3072 3055 1.12115
342 3021 3024 0.786478
343 3001 3002 0.400123
344 3028 3029 0.495806
345 3064 3065 1.53378
346 3053 3071 0.727793
347 3034 3035 2.6239
348 3044 3045 0.531055
349 3068 3063 7.30404
350 3053 3072 0.97873
351 3001 3004 1.61243
352 3071 3054 2.52464
353 3001 3002 0.215795
354 3022 3023 2.00718
355 3009 3010 1.13284
356 3056 3074 1.17301
357 3060 3052 0.73462
358 3007 3008 2.56819
359 3068 3063 5.40044
360 3053 3072 0.902546
361 3069 3070 2.16656
362 3021 3024 2.24055
363 3021 3024 2.96664
364 3016 3017 0.113227
365 3000 3001 1.53213
366 3022 3023 1.87389
367 3017 3018 3.11215
368 3001 3006 0.382291
369 3068 3069 0.671581
370 3056 3059 2.15711
371 3056 3074 0.369967
372 3024 3027 6.74291
373 3033 3034 0.777336
374 3014 3015 2.51967
375 3006 3007 1.05224
376 3039 3040 0.717345
377 3001 3006 0.90326
378 3064 3065 2.06771
379 3071 3054 3.6758
380 3053 3072 1.42017
381 3042 3046 3.28718
382 3024 3025 1.48526
383 3012 3068 1.58743
384 3061 3062 1.53551
385 3066 3067 1.38083
386 3040 3041 3.26287
387 3068 3069 1.67283
388 3027 3030 0.821453
389 3064 3065 1.1189
390 3012 3013 2.72278
391 3060 3061 0.227583
392 3069 3070 1.51432
393 3000 3001 0.106348
394 3004 3005 1.5927
395 3025 3026 2.25965
396 3036 3039 0.403559
397 3072 3055 2.46563
398 3016 3019 1.25139
399 3022 3023 0.602938
400 3068 3063 5.08059
401 3012 3013 4.01043
402 3024 3027 3.00902
403 3056 3074 0.21214
404 3040 3041 0.899525
405 3064 3065 0.939663
406 3027 3030 5.14308
407 3063 3060 6.55786
408 3021 3024 3.14141
409 3012 3013 4.48622
410 3034 3035 2.71944
411 3006 3007 1.18358
412 3071 3054 2.49713
413 3043 3044 0.181927
414 3060 3061 0.285228
415 3053 3056 3.37593
416 3033 3034 1.58483
417 3049 3052 0.333918
418 3013 3016 0.929406
419 3001 3004 1.5947
420 3060 3052 4.52276
421 3071 3054 0.747436
422 3016 3017 1.56792
423 3061 3062 2.53301
424 3021 3024 2.09242
425 3046 3049 1.4199
426 3049 3050 0.483348
427 3039 3040 0.326206
428 3033 3036 1.25684
429 3012 3068 0.99734
430 3033 3034 0.931236
431 3052 3053 0.368506
432 3037 3038 0.779813
433 3012 3013 4.35947
434 3037 3038 1.35455
435 3016 3017 1.62321
436 3069 3070 0.398076
437 3007 3008 0.207962
438 3022 3023 0.0337439
439 3073 3057 3.92984
440 3030 3033 0.788369
441 3061 3062 2.24054
442 3068 3063 0.834435
443 3009 3010 0.142289
444 3056 3073 0.628031
445 3001 3002 1.17031
446 3016 3017 0.232491
447 3004 3005 1.35067
448 3042 3043 0.552784
449 3060 3052 4.93201
450 3009 3012 0.0381766
451 3013 3016 0.244797
452 3049 3050 0.0893989
453 3021 3024 0.950088
454 3052 3053 0.441835
455 3024 3027 4.65042
456 3046 3047 0.624604
457 3000 3001 0.903348
458 3024 3027 4.30477
459 3028 3029 3.29369
460 3009 3012 0.574203
461 3033 3034 1.56349
462 3061 3062 0.755641
463 3039 3040 0.433262
464 3009 3012 0.483658
465 3073 3057 0.188295
466 3019 3020 0.855683
467 3046 3047 1.38541
468 3071 3054 0.937842
469 3046 3049 1.52872
470 3019 3020 1.77601
471 3063 3066 0.840988
472 3016 3021 2.13919
473 3024 3025 0.223527
474 3024 3027 1.38416
475 3049 3052 0.354135
476 3061 3062 0.943176
477 3042 3046 3.52602
478 3006 3007 0.638404
479 3042 3046 0.361701
480 3042 3046 0.857607
481 3073 3057 2.37347
482 3012 3068 1.10737
483 3017 3018 1.72846
484 3043 3044 0.795247
485 3068 3069 1.41395
486 3073 3057 3.00096
487 3036 3037 0.734715
488 3037 3038 0.340964
489 3021 3024 1.17586
490 3000 3001 1.35871
491 3031 3032 0.551689
492 3043 3044 0.923597
493 3001 3002 0.860573
494 3017 3018 2.90347
495 3024 3025 1.46772
496 3021 3024 2.35405
497 3060 3061 0.567955
498 3053 3072 1.35191
499 3046 3047 0.590405
500 3068 3069 1.03319
501 3064 3065 0.064781
502 3001 3006 1.97638
503 3028 3029 2.22409
504 3060 3061 0.0427885
505 3037 3038 2.48993
506 3012 3013 1.80475
507 3009 3010 0.57006
508 3053 3056 0.51264
509 3060 3061 1.38718
510 3014 3015 1.42355
511 3056 3073 1.66022
512 3071 3054 0.430034
513 3069 3070 0.0524157
514 3046 3049 0.911261
515 3068 3063 1.35536
516 3014 3015 1.85941
517 3039 3040 0.127127
518 3044 3045 2.76363
519 3043 3044 1.17561
520 3028 3029 1.98583
521 3002 3003 0.580543
522 3034 3035 3.65827
523 3056 3059 1.83164
524 3004 3005 1.18193
525 3016 3021 3.89201
526 3013 3016 0.907952
527 3013 3016 3.72884
528 3033 3036 1.2082
529 3052 3053 0.538672
530 3064 3065 0.587376
531 3073 3057 0.497777
532 3064 3065 1.23642
533 3052 3053 2.2058
534 3012 3013 4.02901
535 3044 3045 3.76195
536 3066 3067 0.572552
537 3039 3040 0.133247
538 3016 3019 0.955385
539 3071 3054 0.197991
540 3044 3045 1.40655
541 3000 3001 1.95345
542 3061 3062 2.17954
543 3028 3029 3.65249
544 3021 3024 1.5342
545 3071 3054 1.75946
546 3000 3001 1.2755
547 3061 3062 1.35069
548 3007 3008 2.45827
549 3047 3048 0.894825
550 3044 3045 4.04284
551 3040 3041 3.27367
552 3021 3024 0.515529
553 3033 3034 0.443848
554 3027 3030 4.38823
555 3042 3046 3.1785
556 3000 3001 0.780375
557 3056 3073 0.885477
558 3056 3073 1.44921
559 3047 3048 0.775732
560 3060 3061 0.766582
561 3031 3032 0.0528635
562 3033 3034 0.216972
563 3007 3008 3.03653
564 3044 3045 4.01675
565 3040 3041 1.5456
566 3053 3056 1.01672
567 3001 3006 0.282161
568 3016 3017 1.67042
569 3024 3027 0.439286
570 3024 3025 1.08957
571 3001 3006 2.36246
572 3021 3024 3.35581
573 3021 3024 0.121368
574 3007 3008 1.71821
575 3019 3020 0.852004
576 3040 3041 3.46263
577 3017 3018 2.88513
578 3056 3059 1.82157
579 3056 3074 1.34813
580 3063 3066 1.43703
581 3050 3051 2.3623
582 3027 3028 0.494078
583 3001 3002 0.67261
584 3001 3002 1.63412
585 3056 3074 1.53198
586 3006 3007 0.251753
587 3006 3009 1.30846
588 3033 3036 3.7512
589 3006 3009 2.48517
590 3009 3010 1.30397
591 3073 3057 0.391409
592 3066 3067 0.71832
593 3007 3008 1.7821
594 3043 3044 1.15996
595 3001 3004 1.11434
596 3002 3003 1.6111
597 3001 3006 2.23774
598 3037 3038 2.14028
599 3004 3005 0.128255
600 3013 3014 0.727973
601 3042 3046 2.05401
602 3036 3037 0.755245
603 3009 3010 1.20939
604 3043 3044 0.789973
605 3021 3022 0.357892
606 3002 3003 2.73274
607 3009 3010 1.38297
608 3014 3015 0.827171
609 3061 3062 0.207762
610 3053 3056 3.33958
611 3046 3047 0.770541
612 3025 3026 4.03025
613 3044 3045 3.79592
614 3036 3039 1.35121
615 3006 3009 1.49989
616 3009 3010 1.4786
617 3031 3032 2.54507
618 3042 3043 4.62473
619 3025 3026 1.65216
620 3053 3071 0.672263
621 3071 3054 2.56373
622 3024 3025 1.53321
623 3040 3041 1.20971
624 3050 3051 3.20619
625 3004 3005 0.240693
626 3004 3005 0.350476
627 3044 3045 2.28603
628 3066 3067 1.40154
629 3000 3001 2.42469
630 3044 3045 1.53819
631 3036 3037 1.64036
632 3056 3073 0.710811
633 3007 3008 1.85546
634 3043 3044 1.14317
635 3053 3056 3.55181
636 3014 3015 1.81471
637 3012 3068 1.3622
638 3007 3008 2.43578
639 3006 3009 1.48105
640 3060 3052 4.68103
641 3071 3054 3.74009
642 3021 3022 0.298597
643 3001 3006 0.282714
644 3033 3034 1.44322
645 3037 3038 0.684492
646 3042 3043 1.72626
647 3013 3016 1.88095
648 3024 3027 1.33502
649 3006 3007 0.138619
650 3012 3068 4.70612
651 3013 3014 1.59236
652 3039 3042 0.224375
653 3046 3049 5.30819
654 3063 3066 1.28437
655 3012 3013 1.35072
656 3050 3051 0.529246
657 3004 3005 2.3606
658 3001 3002 0.956719
659 3010 3011 0.0865033
660 3071 3054 2.88106
661 3056 3073 1.05844
662 3068 3063 4.48133
663 3068 3069 1.31408
664 3013 3016 0.227341
665 3063 3060 5.5382
666 3001 3006 2.47308
667 3013 3016 1.83926
668 3063 3066 1.24572
669 3052 3053 1.28567
670 3027 3028 1.35632
671 3069 3070 0.412216
672 3050 3051 3.88407
673 3069 3070 0.567464
674 3050 3051 2.64582
675 3043 3044 1.51029
676 3049 3050 0.921141
677 3063 3066 0.538596
678 3030 3033 0.48978
679 3021 3024 2.69486
680 3009 3012 0.802685
681 3036 3037 1.03014
682 3042 3046 4.66103
683 3056 3074 0.487859
684 3022 3023 1.54542
685 3036 3037 0.229493
686 3021 3022 0.952323
687 3012 3068 0.427494
688 3036 3037 0.259413
689 3007 3008 3.23259
690 3019 3020 3.29829
691 3037 3038 0.192734
692 3056 3073 0.59532
693 3009 3010 0.280915
694 3046 3047 0.819759
695 3006 3009 1.41807
696 3025 3026 1.45679
697 3009 3010 0.00575044
698 3056 3059 0.512039
699 3066 3067 2.30369
700 3063 3066 0.13858
701 3012 3013 3.70204
702 3000 3001 0.9683
703 3063 3066 0.196853
704 3001 3004 0.197318
705 3006 3009 0.670109
706 3021 3024 3.07947
707 3049 3050 1.30319
708 3024 3027 4.96925
709 3053 3056 0.929804
710 3073 3057 3.78113
711 3014 3015 2.1744
712 3040 3041 3.82707
713 3001 3002 0.831561
714 3009 3012 0.79328
715 3004 3005 2.26343
716 3043 3044 0.732636
717 3063 3066 1.11604
718 3042 3046 1.02672
719 3063 3066 0.431225
720 3056 3074 1.42605
721 3024 3027 6.71697
722 3019 3020 5.08617
723 3021 3024 0.00166922
724 3040 3041 2.91637
725 3001 3006 3.12243
726 3000 3001 2.66234
727 3039 3042 2.33609
728 3024 3025 0.137731
729 3040 3041 3.92275
730 3063 3060 6.45195
731 3013 3014 0.0494325
732 3039 3042 2.83312
733 3004 3005 3.01588
734 3006 3007 0.778375
735 3017 3018 1.69668
736 3016 3017 1.11713
737 3007 3008 0.140405
738 3027 3028 0.410018
739 3042 3043 0.49749
740 3060 3052 1.14542
741 3013 3014 0.855564
742 3047 3048 1.42047
743 3066 3067 2.4672
744 3069 3070 1.55319
745 3014 3015 1.46042
746 3053 3056 2.44413
747 3006 3007 0.71426
748 3066 3067 0.367679
749 3014 3015 2.18007
750 3030 3033 0.380684
751 3052 3053 2.29187
752 3063 3064 0.746166
753 3053 3072 1.04882
754 3073 3057 4.17289
755 3063 3060 7.43894
756 3061 3062 1.55709
757 3063 3060 3.29367
758 3014 3015 2.07566
759 3016 3017 0.612168
760 3063 3064 0.25028
761 3022 3023 2.20459
762 3017 3018 0.844041
763 3066 3067 0.380257
764 3056 3073 0.418297
765 3053 3056 5.07191
766 3013 3016 3.95477
767 3063 3066 1.35817
768 3056 3074 1.41667
769 3071 3054 1.80958
770 3046 3049 0.775748
771 3053 3071 0.036789
772 3014 3015 1.76892
773 3069 3070 1.74893
774 3009 3012 0.589643
775 3036 3037 0.595585
776 3009 3012 0.71025
777 3033 3036 3.53178
778 3042 3046 4.12055
779 3071 3054 2.02415
780 3034 3035 2.26531
781 3052 3053 1.90722
782 3036 3037 0.618849
783 3030 3031 0.035895
784 3027 3028 1.63663
785 3066 3067 0.0320196
786 3037 3038 1.70413
787 3056 3074 1.41798
788 3014 3015 1.38755
789 3039 3042 0.922836
790 3034 3035 2.40514
791 3021 3024 0.0197739
792 3044 3045 2.28963
793 3030 3033 0.412539
794 3016 3017 0.581552
795 3066 3067 1.02177
796 3030 3031 0.735036
797 3006 3009 0.863564
798 3033 3036 4.13805
799 3064 3065 2.19623
800 3044 3045 3.42833
801 3022 3023 3.19302
802 3006 3007 0.0688862
803 3039 3042 1.91755
804 3001 3006 0.411976
805 3049 3050 0.935719
806 3053 3072 1.10925
807 3060 3052 0.371194
808 3071 3054 0.661433
809 3034 3035 2.28616
810 3006 3009 1.32532
811 3060 3052 1.90141
812 3019 3020 0.519042
813 3060 3061 1.27247
814 3019 3020 0.423906
815 3002 3003 1.49906
816 3001 3002 1.27262
817 3027 3030 2.39946
818 3050 3051 3.30482
819 3063 3066 0.40417
820 3066 3067 2.54798
821 3001 3002 0.942223
822 3071 3054 1.46374
823 3049 3052 2.14949
824 3049 3050 0.314763
825 3052 3053 2.54429
826 3071 3054 1.35775
827 3056 3059 1.67534
828 3001 3002 0.139508
829 3004 3005 0.643989
830 3050 3051 0.628089
831 3042 3043 0.159211
832 3014 3015 2.79653
833 3016 3017 1.16537
834 3049 3052 1.02116
835 3001 3006 1.88886
836 3016 3021 3.02357
837 3027 3030 0.349305
838 3006 3009 1.69413
839 3068 3069 0.944994
840 3000 3001 0.795226
841 3021 3022 0.942492
842 3033 3036 5.49915
843 3013 3016 0.00568548
844 3002 3003 2.0975
845 3013 3016 0.678292
846 3006 3009 2.09369
847 3012 3013 3.37153
848 3037 3038 1.46598
849 3021 3024 0.828513
850 3033 3036 1.60564
851 3012 3013 1.91257
852 3053 3071 1.29896
853 3028 3029 0.157769
854 3028 3029 1.36293
855 3036 3039 0.378051
856 3001 3004 0.24929
857 3056 3059 0.485743
858 3019 3020 0.260543
859 3031 3032 0.196751
860 3073 3057 1.62593
861 3006 3007 0.723174
862 3012 3068 2.18061
863 3037 3038 2.16034
864 3027 3028 0.736232
865 3021 3024 3.32458
866 3056 3073 1.38998
867 3004 3005 2.32634
868 3068 3063 6.62331
869 3016 3021 0.0433243
870 3000 3001 0.908442
871 3000 3001 2.01073
872 3004 3005 0.409896
873 3019 3020 3.1645
874 3006 3009 0.199071
875 3049 3052 2.10387
876 3006 3007 1.43779
877 3042 3043 3.38776
878 3069 3070 0.859156
879 3050 3051 1.17214
880 3056 3073 1.02397
881 3053 3056 2.41197
882 3013 3016 2.5774
883 3060 3061 0.0028997
884 3056 3073 1.49343
885 3042 3043 2.47636
886 3028 3029 1.27531
887 3053 3056 3.33444
888 3002 3003 0.229694
889 3037 3038 1.49169
890 3010 3011 2.70186
891 3073 3057 2.57662
892 3053 3056 3.36837
893 3013 3016 3.88347
894 3046 3049 4.65283
895 3025 3026 3.26141
896 3046 3047 0.753393
897 3042 3046 4.1019
898 3043 3044 0.67571
899 3039 3042 1.25796
900 3025 3026 3.47607
901 3039 3040 0.796955
902 3030 3033 0.0868321
903 3053 3072 0.915622
904 3049 3052 0.786083
905 3027 3028 0.536072
906 3027 3028 0.90712
907 3006 3007 1.26371
908 3044 3045 0.816541
909 3022 3023 0.813684
910 3053 3072 1.43934
911 3016 3021 1.52336
912 3033 3034 0.338591
913 3063 3066 0.577086
914 3007 3008 3.29368
915 3046 3047 1.48345
916 3016 3019 1.18249
917 3053 3072 1.53782
918 3060 3061 0.788836
919 3053 3072 1.64466
920 3021 3024 1.92705
921 3006 3009 2.23181
922 3024 3027 1.38982
923 3036 3039 0.400444
924 3053 3072 0.46868
925 3056 3073 0.630067
926 3071 3054 1.89017
927 3066 3067 1.05113
928 3040 3041 3.79013
929 3033 3034 0.40896
930 3069 3070 1.34235
931 3036 3039 0.880131
932 3024 3027 3.09123
933 3009 3012 0.0167711
934 3024 3025 1.69143
935 3037 3038 1.7618
936 3007 3008 0.917886
937 3068 3063 5.62796
938 3016 3019 0.313995
939 3033 3034 1.48047
940 3040 3041 1.88044
941 3033 3034 0.990697
942 3004 3005 3.29989
943 3061 3062 1.35435
944 3050 3051 3.17323
945 3049 3050 1.22889
946 3036 3039 1.20341
947 3043 3044 0.84158
948 3028 3029 3.9176
949 3063 3060 2.41295
950 3039 3040 0.853328
951 3063 3066 0.813415
952 3030 3031 0.875662
953 3037 3038 0.628003
954 3021 3024 0.330311
955 3019 3020 0.953166
956 3063 3064 0.426771
957 3001 3006 1.66882
958 3069 3070 1.88172
959 3061 3062 0.488425
960 3027 3028 1.24034
961 3022 3023 3.2199
962 3012 3013 1.45069
963 3037 3038 2.43252
964 3004 3005 2.60933
965 3052 3053 0.313604
966 3009 3012 0.136826
967 3047 3048 0.175657
968 3039 3040 1.26149
969 3046 3049 2.2364
970 3063 3060 3.78438
971 3012 3013 1.93194
972 3049 3052 0.711501
973 3053 3071 0.15736
974 3016 3021 3.24508
975 3021 3024 1.70517
976 3031 3032 0.506227
977 3016 3021 0.457449
978 3073 3057 2.17522
979 3042 3043 3.51496
980 3060 3052 1.39519
981 3025 3026 2.33185
982 3039 3040 0.703207
983 3021 3024 0.376057
984 3042 3043 4.47581
985 3024 3027 6.76538
986 3047 3048 0.0957594
987 3033 3036 0.27211
988 3012 3068 0.914643
989 3016 3017 0.541451
990 3042 3043 2.15425
991 3009 3012 0.370643
992 3053 3072 0.134581
993 3001 3004 0.176616
994 3056 3073 1.02893
995 3046 3049 5.17796
996 3053 3072 1.02899
997 3044 3045 1.33176
998 3009 3010 0.0151612
999 3056 3073 0.296897
1000 3047 3048 3.86933
