1 3000 3001 1.4
2 3060 3052 2
3 3001 3006 3.2
4 3009 3006 1.5
5 3013 3016 3.8
6 3068 3012 2.9
7 3013 3012 1.5
8 3021 3024 2.3
9 3024 3027 3.1
10 3028 3027 0.6
11 3027 3030 4.2
12 3033 3036 3.3
13 3042 3046 4
14 3042 3046 2.5
15 3046 3049 4.5
16 3046 3049 2
17 3053 3052 1.1
18 3056 3053 2
19 3055 3072 3
20 3052 3060 2.2
21 3061 3062 0
22 3060 3063 2.3
23 3060 3063 4.4
24 3064 3063 0.5
25 3068 3063 2.4
26 3068 3063 4.2
27 3012 3068 1.2
28 3068 3012 2.1
29 3007 3008 0
30 3015 3014 0
31 3071 3053 1.3
32 3063 3060 4.3
33 3069 3068 0.5
34 3020 3019 1
35 3032 3031 1
36 3038 3037 1
37 3026 3025 1
38 3029 3028 1
39 3035 3034 1 
40 3041 3040 1
41 3045 3044 2
42 3027 3024 1.5
43 3024 3027 1.5
44 3021 3024 2
45 3024 3021 2
46 3027 3030 2
47 3027 3030 3
48 3030 3027 3
49 3033 3036 2.5
50 3039 3036 0.5
51 3048 3047 1
52 3051 3050 1
53 3054 3071 1
54 3057 3073 1
55 3058 3074 2
56 3008 3007 1
57 3007 3006 0.2
58 3013 3012 1
59 3015 3014 1
60 3017 3016 0.5
61 3022 3021 0.7
62 3032 3031 1
63 3031 3030 0.2
64 3033 3036 2
65 3036 3033 2
66 3036 3039 0.5
67 3039 3036 0.5
68 3039 3042 1
69 3042 3039 1
70 3042 3046 2
71 3042 3046 3
72 3046 3047 0.2
73 3047 3046 0.2
74 3046 3042 2
75 3046 3049 3
76 3046 3049 1
77 3049 3046 1
78 3049 3046 3
79 3049 3050 0.5
80 3060 3063 4
81 3056 3053 1

