1 0 0 360 550
2 360 0 690 550
3 690 0 1080 550
4 1080 0 1530 550
5 1770 0 2380 640
6 0 790 350 1360
7 350 790 630 1360
8 830 790 1190 1290
9 1190 790 1530 1170
10 1770 640 2380 1100
11 0 1380 350 1980
12 350 1360 630 1980
13 830 1290 1190 2040
14 1190 1170 1530 1630
15 1770 1100 2380 1630
16 0 1980 350 2510
17 350 1980 630 2510
18 830 2040 1190 2510
19 1190 1630 1530 2510
20 1770 1630 2380 2120
21 1770 2120 2380 2550
22 0 2740 420 3210
23 420 2740 830 3210
24 830 2740 1230 3210
25 1230 2740 1530 3210
26 1770 2550 2380 3210
