1 1650 0 0
2 180 300 2
3 510 300 2
4 860 300 2
5 1278 300 2
6 1650 320 0
7 1770 320 1
8 2080 320 2
9 180 550 1
10 510 550 1
11 860 550 1
12 1278 550 1
13 0 670 0
14 180 670 0
15 510 670 0
16 730 670 0
17 860 670 0
18 1278 670 0
19 1650 670 0
20 180 790 1
21 510 790 1
22 1650 850 0
23 1770 850 1
24 1350 950 2
25 1430 950 1
26 1650 950 0
27 730 1030 0
28 830 1030 1
29 1020 1030 2
30 180 1090 2
31 510 1090 2
32 1650 1370 0
33 1770 1370 1
34 2080 1370 2
35 1350 1440 2
36 1530 1440 1
37 1650 1440 0
38 480 1660 2
39 630 1660 1
40 730 1660 0
41 830 1660 1
42 1020 1660 2
43 1650 1890 0
44 1770 1890 1
45 2080 1890 2
46 1370 2070 2
47 190 2250 2
48 490 2250 2
49 730 2270 0
50 830 2270 1
51 1020 2270 2
52 1650 2340 0
53 1770 2340 1
54 2080 2340 2
55 190 2510 1
56 490 2510 1
57 1370 2510 1
58 0 2625 0
59 190 2625 0
60 490 2625 0
61 640 2625 0
62 730 2625 0
63 1030 2625 0
64 1370 2625 0
65 1650 2625 0
66 1650 2660 0
67 1770 2660 1
68 2080 2660 2
69 190 2740 1
70 640 2740 1
71 1030 2740 1
72 1370 2740 1
73 190 3000 2
74 640 3000 2
75 1030 3000 2
76 1370 3000 2
77 2080 850 2
