1 0 7 0
2 3 7 0
3 3 5 1
4 3 3 2
5 9 7 0
6 9 5 1
7 9 3 2
8 12 7 0
9 15 7 0
10 15 5 1
11 15 3 2
12 21 7 0
13 21 5 1
14 21 3 2
15 26 7 0
16 26 5 0
17 26 0 0
18 28 5 1
19 33 5 2
20 26 15 0
21 28 15 1
22 33 15 2
23 26 16 0
24 24 16 1
25 22 16 2
26 26 25 0
27 28 25 1
28 33 25 2
29 26 30 0
30 24 30 1
31 22 30 2
32 26 35 0
33 28 35 1
34 33 35 2
35 26 45 0
36 28 45 1
37 33 45 2
38 26 53 0
39 28 55 1
40 33 55 2
41 21 53 0
42 21 55 1
43 21 57 2
44 21 51 1
45 21 44 2
46 17 53 0
47 17 51 1
48 17 44 2
49 15 53 0
50 15 55 1
51 15 57 2
52 12 53 0
53 12 30 0
54 16 30 2
55 8 30 2
56 12 16 0
57 14 16 1
58 16 16 2
59 10 16 1
60 8 16 2
61 9 53 0
62 9 55 1
63 9 57 2
64 7 53 0
65 7 51 1
66 7 44 2
67 3 53 0
68 3 55 1
69 3 57 2
70 3 51 1
71 3 44 2
72 0 53 0
73 10 30 1
74 14 30 1
75 26 55 0
